629701
349765
542594
628307
695687
464381
462949
405619
375169
259525
499021
506170
595235
228436
473372
518636
315388
873156
529664
726314
827008
240119
837280
569820
875107
463323
814516
527400
337387
619669
584742
508954
716399
508489
508237
640659
713345
576190
219711
228864
564615
550506
741290
837374
258107
601716
650938
383220
792815
606151
365633
822368
816886
684125
606243
464320
475550
766451
690384
293488
739382
397483
417743
698860
282287
382915
841322
657124
234136
273247
537436
667216
597292
787077
841962
798449
500231
500260
525163
628283
839104
606203
859941
762077
503432
347685
358380
408103
746435
365893
639341
843465
861138
670520
677122
604864
634939
859415
218956
758538
858532
839802
251313
447239
657106
462429
799100
434371
874875
671151
859837
332829
807280
538614
406244
245942
871673
453075
551071
501543
488909
472574
542749
692668
718215
426569
787768
470950
866106
736308
477933
736764
225647
736392
847139
642579
238054
820891
458388
756050
582153
467786
306922
536549
523282
311609
264399
715733
432171
521205
433708
405645
787782
550560
594745
794688
765618
732958
467537
678815
570465
528391
842036
314634
270844
369079
612089
689330
491286
434287
462124
364572
464424
433336
540614
334864
777875
547778
267810
844448
396837
594150
418503
498430
543826
786933
272511
461933
240672
377263
413190
293120
500119
602034
448371
626041
301647
596404
691155
294432
514230
559668
799396
709307
661476
449145
293762
876215
760943
491397
840063
578467
500056
416662
458918
785838
526483
566700
836191
840500
258864
619688
464085
416922
461649
687548
254015
478871
756007
712799
824211
435692
526588
726497
465302
461737
668414
407203
349867
864404
852771
246895
224056
860861
548605
861952
623635
623042
270015
333943
360283
436137
390366
625129
504850
216371
632740
839182
686777
544954
813944
755231
537286
565273
319376
397985
316686
622697
249657
446096
392635
819656
450289
267668
324830
348225
521252
533440
488562
454904
540107
832422
292433
498478
861571
314431
320763
695548
793819
842106
655270
430533
710994
827153
740456
639365
570222
331176
591300
579889
555435
730018
768359
697776
272256
700356
535557
732620
343602
335442
512903
700662
399040
215305
830295
586524
418664
252794
253901
420181
717661
820286
389264
763207
800842
391115
516016
705639
376058
527909
742869
331365
602826
604624
332252
271527
729335
214068
443678
234521
638636
362079
656116
227209
790001
824746
455751
490922
395674
414099
828480
396528
759046
443617
854279
471603
391619
334746
409681
750714
290990
327210
285531
743552
607853
567576
546519
403691
798499
546218
735897
620905
453295
450079
536831
283693
823144
529769
709672
423780
711238
263143
394039
340248
537586
779798
594003
444779
619853
288397
270769
329541
688882
412722
629004
875556
502923
815082
551220
673892
795932
313391
398464
458994
476804
289333
409473
539065
793087
337303
222015
835857
388726
521122
740794
305741
218626
737088
874227
804522
599198
262162
672621
528282
840343
871730
307518
871011
789266
275389
242515
829493
457726
765068
823788
484863
564948
558315
833671
681416
823311
856041
526467
800904
554618
657767
427247
391991
366639
249072
456017
570519
810106
841265
343002
617396
703390
696367
809029
785562
643189
313184
484221
858294
230018
515469
568092
712917
560281
669121
677251
311016
676297
489646
627297
699821
303209
728422
344856
483958
605568
575076
434119
289245
290856
270310
429630
221577
672362
244235
498082
679998
688831
217749
311353
800852
514688
395234
305576
835201
546537
557622
413729
577715
851484
719246
304130
453530
451668
763572
486884

